00111111110110000001010000000101000000010111100111000111110011110001101000000011100000000111111111118

01111110001100001000100000110000000010000000011000000011000000011000000011000000010000000011111111112

01111111111000000001000000000100000000010001111110000000001100000000010000000001000000000101111111113

11111111110000000001000000000100000000100000000110000000010000000011000000001000000000100000000110007

00011100000011000000110000000010000000001000000000100011111111111000011100000001110000000101111111116

00011111110110000001110000000110000000011000000001100000000110000000011000000001100000001111111111100

00001111100011000000110000000010000000001000000000100111111110110000011110000001110000001101111111106

11111111100000000001000000000100000000110011111100000000110000000001100000000010100000001111111111113

01111111100100000011010000000101000000010110000011011111111011000000111000000001100000000111111111118

00011111110011000001001000000100010000110000111110011111100011000011001000000110100000001011111111108

00111111000110000100110000010010000011000000011000000011000000110000000110000000110000000011111111112

00011111110001000001000100000100011000010000111110011110110011000001001000000100100000110011111110008

11111111100000000011000000000100000000110011111110011100111100000000010000000001000000000111111111113

00001100000111010000110001000000000100000000010000000001000000000100000000010000000001000011111111111

01111111101100000011000000000100000000110111111110000000001100000000010000000001100000000111111111113

01111111110100000000010000000001000000000111111100000000011000000000110000000001000000001111111111105

11111111100000001100000011110000111001100010000001000000000100000000010000000001100000001111111111103

00111111110110000000010000000011111100001100011110000000001100000000010000000001100000000111111111115

00111111110110000001110000000111100001110011111100011111100011000011001000000100100000010011111111008

00010000000011000000011100000011011000000000100000000010000000001000000000100000000010000011111111111

11111111110000000001000000000100000000100000000010000111111000000001110000001100000000100000000110007

00111111111110000001100000000100000001110000011100000111000001110000001100000000100000000011111111112

00111111101100000010100000001000000001100000000100000001100000001100000011000000111000000011111111112

00001000000001100000001010000001001000000000100000000010000000001000000000100000000010000011111111111

01111111110100000000010000000001000000000111100000000011110000000001110000000001000000000111111111115

01111111000100000100110000010010000001000000001100000000100000000110000000010000111111000011111111112

01111111111000000011100000111101111100010000000001000000000100000000010000000001000000000100000000019

00000110000000111000000111000000000100000000010000000001000000000100000000010000000001000011111111111

01111111110100000000100000000010000000001111111100100000011000000000100000000010000000011011111111005

00111111110100000001000000000100000011100000111000001110000001100000001100000000100000000011111111112

01111111111100000001100000000111000000010111111111011100011111000000011000000001100000000111111111118

00111111001110000100100000011000000000100000000110000000110000000010001111001000100111000011111111112

01111111111100000001100000000110000000011000000001100000000110000000011000000001100000001111111111100

00000011110000110000000110000001100000001100000000100000000010001111111111100001110000000111111111116

00111111110000000111000000110000001111000000100110000000001000000000011000000011100000001011111111003

11111111111000000110111111111000000000100000000010000000001100000000010000000001000000000100000000019

01111111101100000011100000000110000000011000000001100000000110000000011000000011100000011011111111000

00011000010111000001110000000110000000011111111111000000000100000000010000000001000000000100000000014

00111111110110000001110000000100000000010000000001000000001111100001101011001100100111100111111111112

01111111110100000001110000000110000000011000000001100000000110000000011000000001110000000101111111100

00011000000111100000110010000000001000000000100000000010000000001100000000010000000001000011111111111

00010000000011000000001110000001101000000000100000000011000000000100000000010000000001000011111111111

11111111101000000011110000001101111111110000000001000000000100000000010000000001000000000100000000119

00011100000011000000011000000011000000001000000000100000111110000110011000110001110010000101111111116

11111111001000000100000000010000000001000000001100000001100000011100000111000000110000000011111111112

01111110000010001110011000001111000000011000000001100000000110000000011000000001100000000111111111110

00001100000011110000111001000010000100000000010000000001000000001100000000100000000010000011111111111

00001100000001100000000110000000101000000110100000000010000000001000000000100000000010000011111111111

11111111101000000001100000000110000000011100000001111111111110000000011000000001100000000111111111118

01111111111100000001100000001111111111110000000001000000000100000000010000000001000000000100000000019

11111111110000000001000000001100000001100001111100000001111000000100000000110000000110000000010000007

01111111110100000000110000000010000000001111111000000000011000000000010000000001000000000111111111105

11111111100000000010000000001000000000100000111010000110111100000001000000000100000000010000000001007

00001100000011000000011000000001000000000100000000110000000010111111111100000001100000000111111111116

01111111111100000001100000000111100000010011111111001110110011100000101000000011100000000111111111118

11111111111000000000100000000010000000001111111110000000001100000000010000000001000000001111111111105

00011111100011000011011000000111000000011000000001100000000110000000111000000110100000110011111110000

00010000010011000001011000001101000000101000000010111111111100000000100000000010000000001000000000104

00000111000001100000001100000001100000000100000000100001110011111101111100000001100000000111111111106

11111111101000000010100000011011000011000111111000011101110011000000111000000001100000000101111111118

11111111110000000010000000001000000001100000000100000111111100000001000000000100000000010000000001007

00011111000011000000011000000011000000001000000000100001111110001100011011000001111000000101111111116

00111111100110000010110000001010000000100000000110000000110000001110000011100000111000000011111111112

00110000010110000001110000000110000000011111111111000000000100000000010000000001000000000100000000014

11111111111000000000100000000010000000001111111100000000011000000000010000000001000000000111111111115

01111111001000000010000000001100000000010000000001000000001100000000100111100110010011110001111111112

11111111110000000001000000000100000000010000000001000000000100000000010000000001000000001100000000107

00111111110100000001110000000110000000011000000001100000000110000000011000000001100000001101111111100

11111111100000000011000000000100000000111111111110000000111000000000010000000001000000000111111111103

00011000000011000000011000000001000000001100000000100001111110111000011110000001100000000101111111116

11111111110000000001000000000100000000110000000110000000010000000010000000011000000001000000001100007

01000000011000000001100000000110000000011111111111000000000100000000010000000001000000000100000000014

01111111111100000001100000000110000000111110001111001111100100000000010000000011000000001000000111109

11111111111000000001110000000101100001110011111100001110110011100001001000000100100000010011111111008

11111111111000000001100000000110000000011111111111011111111111000000011000000001100000000111111111118

11111111101000000010100000001011000001100111111110110000001110000000011000000001110000000101111111118

01111111001000000111000000000100000000110000111110001111111100000000010000000001000000000111111111113

11111111110000001110000011100000111110000110001100000000011000000000100000000010000000111011111110003

00111110000110000110110000001110000000011000000001100000000110000000011000000001110000000101111111110

00111111100110000011110000000110000000001000000000100000000011111111101000000011100000000111111111116

00111111111110000001000000000100000001100000001100000011100000011000000011000000011000000011111111112

00001110000111101000110000100000000010000000011000000001000000000100000000010000000001000011111111111

11111111111000000001100000001111111111110000000001000000000100000000010000000001000000000100000001119

01111111101100000011100000001100000001100000001100000011100000011000000011000000011000000011111111112

10000000011000000001100000000110000000111111111111000000001000000001100000000100000000010000000011004

01111111101100000010100000000110000000010000000001000000001000000001100111000100100111110011111111112

01111111111100000001110000000101100000010011110111011111111011000000111000000001100000000111111111118

11111111111000000000100000000010000000001111111100000000001100000000010000000001000000000111111111115

00000100000000110000000011000000010100000010010000000001000000000100000000010000000001000011111111111

01111111111100000001100000000111000000010011111111001111111011000000101000000011100000001101111111108

00001111110001100000011000000011000000001000000000100000000010000111111011100001111000000100111111116

00111111100110000010100000001000000001100000001100000001100000001100000011100000111000000011111111112

01100000100100000010110000001010000000101110000010001111111100000000100000000010000000001000000000104

11111111110000000011000000110000000111100001111010000000000100000000010000000001000000000111111111113

01111111110100000000010000000001000000000111111100000000001100000000010000000001000000000111111111105

00111111000110000000110000000010000000001000000000100000000010001111101111000011110000000101111111116

00110000010110000011110000001010000000101111111111000000001000000000100000000010000000001000000000104

00011111000011000010010000001000000000100000000010000000010000110001001101001000100011100111111111112

00011110000111000000110000000010000000001000000000100001100010001101111011000001111000000111111111116

01111111111100000001110000000101100000010011111111001111110001100001101100000011100000000111111111118

00100000010110000001110000000110000000011111000001000111111100000000010000000001000000000100000000014

11111111100000000010000000001000000000100000000010000000001000001111110000000110000000010000000011007

01000000100100000010110000001010000000101000000010111111111100000000100000000010000000001000000000104

00000100000001110000001110000000101000000000100000000010000000001000000000100000000010000011111111111

10000000011000000001100000000110000000011111111001000000111100000000010000000001000000000100000000014

11111111110000000001000000001100000000100000000110000000010000000011000000001000000001100000001100007

00001100000011000000011000000001000000001100000000100000000010000111111011110001111000000111111111116

01000000010100000001110000000110000000011110000001001111111100000000010000000001000000000100000000014

10000000101000000010100000001010000000101111110010000001111100000000100000000010000000001000000000014

00111111110110000001010000000101100000010011100011000111111011110001101000000010100000001011111111008

00111111110100000000110000000010000000001111111100000000011100000000010000000001000000000111111111115

01111111111000000001110000011101111111010000000001000000000100000000010000000001000000000100000000019

00001111000001100000011100000001000000001100000000100000000010001111101001100011111000000111111111116

11111111101000000011100000000110000000111111111110001111110011000001111000000001110000000100111111118

11111111101000000011000000000100000000010000000111000001110000011000000110000000110000000011111111112

11111111100000000010000000001000000000100000000010000111111100000000100000000010000000001000000000107

11111111110000001111000011100000011111100001000011000000000100000000010000000001100000000111111111113

00111111110110000001110000000110000000011000000001100000000110000000011000000001100000000111111111110

00011100000110000000010000000011000000001000011110100111000111110000011100000001110000000111111111116

01111111111100000001000000000100000000010001111111000000000100000000010000000001100000000111111111113

00111111111110000001100000001111111111110001100001000000000100000000010000000001000000000100000000019

01111110001100001000100000110000000001000000000100000000100001100010001111001000100101100011111111112

01111111110100000001010000000101100000110011111110001111100001100011001000000111100000000111111111118

11111111110000000001000000000100000000010000000001000000000100000000010000000001000000000100000000017

00001100000001110000000101000000110100000000010000000001000000000100000000010000000001000011111111111

11111111110000000001000000000100000000010011111111011111110000000001100000000010000000001011111111103

00111111110010000000001000000001100000000111111110000000001100000000010000000001000000000111111111115

00111111100110000011100000000110000000011000000001100000000110000000011000000001110000001101111111100

11111111101000000010111100111000011110100000000001000000000100000000010000000001000000000100000000019

01111000001100000000100000000010000000001000000000100000111010011110111011000001111000000101111111116

00111110000110000000010000000011000000001000000000100000000010001111111011100001111000000101111111116

00000100000001110000001101000011000100000000100000000010000000001000000000100000000010000011111111111

00100000100010000010011000001011000000101100000001011111111100000000010000000001000000000100000000014

00011111111111000011100000001111000111110111110001000000000100000000010000000001000000000100000000019

10000001001000000100100000010010000001001111111111000000010000000001000000000100000000010000000001004

00000011000000011100001110100011100010000000001000000000100000000010000000001000000001100011111111111

01000000100100000010100000001010000000101000001111111111101100000000100000000010000000001000000000104

01111111111100000001100000000111000000110111101110000111100001110011101100000010100000001011111111108

11111111110000000001000000000100000000011111111110000000011100000000010000000001000000000111111111113

00110000010110000001010000000111000000011000000001111111111100000000010000000001000000000100000000014

01000000011100000001100000000110000000011111111111000000000100000000010000000001000000000100000000114

00011111110011000001011000000111000000011000000001100000000110000000011000000001100000000111111111110

10000000011000000001100000000110000000011100000011011111111100000000010000000001000000000100000000014

00011110000010000000010000000010000000001000000000100000000010000011111001111001101100000111111111116

01111111110100000000010000000001111000000000111110000000001000000000100000000010000000001011111111105

00001100000011110000111010000010001000000000100000000010000000001000000000100000000011000001111111111

00011111111111000001100000000110000001111111111101000000000100000000010000000001000000000100000000019

01111111111100000001100000000111000000110111111110011111110011000001101000000001100000000111111111118

11111111001000000010000000001000000000100000000100000001110000011000000011000000011000000011111111112

00001000000001100000000110000000101000000100100000000010000000001000000000110000000001000011111111111

01111110001100001000100000100010000010001110011000001111110011100001111000000001100000000111111111118

11111111001000000111100000000110000000011000000001100000000110000000011000000001100000001111111111000

01111111111000000111111111110100000000010000000001000000000100000000010000000001000000000100000000019

11111111110000000001000000001100000001000000001000011111111100001100000000100000000110000000010000007

10000000011000000001100000000110000000011111111111000000000100000000010000000001000000000100000000014

11111111110000000001000000000100000001110011111111000000000100000000010000000001000000000111111111113

00011100000011000000011000000011000000001000000000100001111110011100011110000001110000000111111111116

00011111110011000001001000000101000000011000000001100000000110000000011000000001100000001111111111100

11111111110000000001000000000100000000010000000001000000000100000000110000000010000000001000000000107

11111111001000000011000000000100000000010000000011000000011000011110000011000000011000000011111111112

00011110000111000000010000000011000000001000000000100000000010001111111001100001111100000101111111116

11111111111000000000110000000011000000001111111100000000011100000000010000000001000000000111111111115

00011100000111010000110001000000001100000000100000000010000000001000000000100000000010000011111111111

01111111111000000001000000000100000000010000011111011111111100000000010000000001000000000111111111113

01111111001100000000100000000010000000001000000000100011111110111000011110000001110000000111111111116

01111111101100000011100000000110000000011000000001100000000110000000011100000001010000001100111111100

00001110000001100000001100000001000000001100000000100001110010111101111110000001100000000111111111116

01111111001100000100100000010010000001100000000110000000010000000001000011101100111011100011111111112

11111111100000001110000111110001110001101100000011000000000100000000010000000001000000000111111111103

11111111111000000000100000000010000000001111111000000000011000000000100000000010000000001011111111105

00111111111100000001100000011101111111010000000001000000000100000000010000000001000000000100000000119

01111111110100000000010000000001000000000111111100000000011100000000010000000001100000000111111111115

00111111110100000001110000000111000000110111101110011111110011000001111000000001100000000111111111118

00001100000001110000001101000000001100000000100000000010000000001000000000100000000010000011111111111

11111111110000000001000000000100000000110000011110001111111000000000110000000001000000001111111111003

00011111110001000001001000000101100000011100000001100000000110000000011000000001100000001111111111100

11111111110000000011000000001000000000100000000110000011111100000001000000001000000000100000000110007

00011000010011000001011000000111000000011111111111000000000100000000010000000001000000000100000000014

01111111101000000110110000111001111110100000000010000000001000000000100000000010000000001100000000019

11111111111000000001100000001111111111110000000001000000000100000000010000000001000000000100000000019

00111111000110000011110000000110000000011000000001100000000110000000011000000001100000001111111111100

00011110000011000000011000000001000000001000000000100000000010001111101111100011110000000111111111116

00111111111110000001100000000110000001110111111101000000000100000000010000000001000000000100000111119

11111111111000000001000000000100000000010001111111001110001100000000010000000001000000000111111111113

00011111100011000011010000000111000000011000000001100000000110000000011000000001110000000101111111110

11111111101000000011100000000111000000110111111110011000011111000000011100000001011000000100111111118

01111110001000000100000000010000000001000000000100000000110000000110000000110000001100000001111111112

00001110000011100000011000000001000000001000000000100000000010000000001001111111111100000101111111116

11111111000000000110000001110000001100000011111110011000001000000000010000000001000000000101111111113

11111111111000000000100000000011111000000000111111000000000100000000010000000001000000000111111111115

11111111111000000001100000001111110001110001111101000000000100000000010000000001000000000100000000019

00011111110011000000001000000001100000000111110000010001110000000001100000000011000000001011111111105

00011110000011000000011000000011000000001000000000100000000010000111101000110001110110000101111111116

01111111111100000001100000001111100011110001111001000000000100000000010000000001000000000100000000019

01111111101100000110100000011111000011010111110001000000000100000000010000000011000000001000000111009

00111111000110000100010000001011000000100000000010000000001011110001101001101100100011100011111111112

00011100000011000000011000000011000000001000000000100000000010000000001111111111110000000111111111116

00000110000001111000111100100010000010000000001000000000100000000010000000001000000000100001111111111

11000000011000000001100000000111111111110000000011000000000100000000010000000001000000000100000000014

00111111101110000010100000001110000001111111111101000000000100000000010000000001000000000100000000019

00111111000100000010000000001000000000100000000110000000110001111100001001100000101110000111101111112

00111111100110000011010000000110000000011000000001100000000110000000011000000011110000011001111111000

01111111111100000001100000000111000000010111101111001111111001100000111100000001110000000101111111118

00011110000011000000011000000011000000001000000000100000000010111111101110000011110000000101111111116

00111111110000000001000000000100000000010000001111000111111100000000010000000001100000000111111111103

00000110000001111000011101000000000100000000010000000001000000000100000000010000000001000011111111111

01111111001100000111100000000110000000011111100011001111111111100000011000000001100000000111111111118

11111111100000000010000000001000000001100001111111001100100000000010000000001000000000100000000110007

00001111110001100000000100000000110000000111111000000000110000000001100000000011000000000111111111115

00001111110011100000011000000011000000001000000000100001111110011100011111000001110000000101111111116

00001111000001100000011000000011000000001000000000100000000010000001111000011101110011000100111111116

00001111110011100001011000000111000000011000000001100000000110000000011000000011110000011001111111000

01111111110000000001000000000100000000010011000111111111111000000000110000000001000000000111111111113

01000000010100000001110000000110000000011111110001000001111100000000010000000001000000000100000000014

00111111110110000001010000000101000000010011111111011111111011000000111000000001100000000111111111118

00111111110111000001110000000110000000011000000001100000000110000000011000000001110000001101111111100

01111111111100000001100000011101111111010000000001000000000100000000010000000001000000000100000000019

00111111110110000000010000000011000000001111111100000000011000000000100000000001000000000111111111115

01111111111100000111100000010110000011011100011001011111000100000000010000000001000000001100111111109

00001100000011110000111001000000000100000000011000000000100000000010000000001000000000100001111111111

01111111100100000011100000000110000000011000000001100000000110000000011000000011100000011001111111000

01111100001000010000100001000011001100000111100000011111100011000011101000000011100000000101111111118

00111111110010000000011000000001111100000100011110000000001100000000010000000001000000001111111111105

11111111101000000011100000011111111111010000000001000000000100000000010000000001000000001100000111109

00011111100011000011011000000101000000011100000001100000000110000000011000000001100000001111111111100

00001100000001100000001110000001101000000000100000000001000000000100000000010000000001000011111111111

01000000100100000010100000001010000000101111111111000000001000000000100000000010000000001000000000104

01111111110100000000010000000011000000001111110000100001110000000001100000000010000000011011111111005

11111111110000000001000000000100000000110000000010000111111100000001000000001100000000100000000110007

11111111110000000001000000001100000000100000000110001111111100000011000000001000000001100000001100007

11111111110000011110011111111011000000010000000001000000000100000000010000000001010000000101111111113

11111111110100000000100000000010000000001111111100000000001100000000010000000001000000000111111111115

00011111111110000001100000000111000000010111111111000000000100000000010000000001000000000100000000019

11111111000000000110000000001000000001100000000100001111111000000110110000110000000010000000011000007

11111111111000000000100000000011000000000111111110011000001100000000010000000001000000001111111111105

00011111110011000000011000000001111110000100001110000000001100000000010000000001000000000111111111115

00111111110110000001100000001110000001110111111101000000000100000000010000000011000000111000011110009

00111111101110000011000000000100000001100000001100000111100000110000000110000000110000000011111111112

11111111111000000001100000000111110000110001111110011110110011000000111000000001110000000101111111118

11111111001000000010000000000100000000010000000001000000001101110011001101111000100111000011110111112

00000111100000110000001100000001100000000100000000111111111111100000011100000001100000000111111111116

01111111110000000001000000000100000001110011111110000000001100000000010000000001000000000111111111113

00001000000011100000111010000010001000000000100000000010000000001000000000100000000010000011111111111

00001110000001100000001100000001100000001100000000100011111110110000011110000001100000000111111111116

01000001000100000100110000010010000001001111111111000000010000000001000000001100000000100000000010004

11111111100000000001000000000100000001110111111100000000011100000000010000000001000000000111111111113

11111111001000000111100000000110000000011000000001100000000110000000011000000001110000000101111111100

01111111110000000010000000111000001110000001111100000000011000000000110000000001100000000111111111113

01111111101100000011100000000100000000010000000011000000111000001110000011100000011000000011111111112

00000110000001110000011101000001000100000000010000000001000000000100000000010000000001000011111111111

00111111110100000000010000000001000000000111111110000000001100000000010000000001000000000111111111115

01111111111100000001100000000111111111110000000011000000001000000000100000000010000000001000000000109

11111111110000000001000000000100000000110000000010001111001000000111110000000100000000110000000010007

11111110000000001100000000011000000111000111111111000000000100000000010000000001000000001101111111103

00001100000011100000011000000001000000001000000000100000000010011111111111000001110000000101111111116

00110000000111000000110100000010010000000001000000000100000000010000000001000000000100000011111111111

00000110000001111000111101100000000100000000010000000001100000000010000000011000000001000011111111111

10000000101000000010100000001010000000101111111110000000011100000001000000000100000000010000000001004

01111111111100000001100000000111000001110111111100011111111011000000111000000001100000000101111111118

00111111110010000001010000000101100000110011011110011111110011000001111000000001100000000111111111118

01111111110100000001000000000100000000110011111110000000001100000000010000000001000000000111111111113

11111111111000000000100000000010000000001111111111000000000100000000010000000011000000011001111111005

00111111100110000001110000000110000000011000000001100000000110000000011000000011100000011011111111000

11111111111000000000100000000010000000001111111100000000011100000000010000000001000000001111111111105

00111111110010000000001000000000100000000111110000000001111000000000110000000001000000000111111111115

01000000111100000010100000001011001111110111100001000000001100000000100000000010000000011000000001004

00001110000011100000001000000001000000001100000000100000000010001111111001100001111100000101111111116

00111111100100000010100000001000000000100000000010000000011011100001001011001100100101100111111111112

01000000011100000001100000000110000000011111111111000000000100000000010000000001000000000100000000014

00111111100110000011110000000110000000011000000001100000000110000000011000000001100000001101111111100

00111111111100000001100000000100000000110000000110000000110000001110000011100000011000000011111111112

01111111111100000001100000001111000111110111110001000000000100000000010000000001000000000100000000019

00011110000011000000011000000001000000001100000000100001110010011101111001000001111100000101111111116

01111111110000000110000011100000011011100000000011000000000100000000010000000001100000000111111111113

00001100000011110000011001000000000100000000010000000001000000001100000000100000000010000011111111111

00110001000110000100010000010011000001001000000100111111111100000001000000000100000000010000000011004

00000111000001110000001100000001100000000100000000110011111011110000111000000001100000000111111111116

00111111000110000111110000000110000000011000000001100000000110000000011000000001110000000101111111110

00001100000001110000111001000000000100000000010000000001000000000100000000010000000001000011111111111

01111111111100000001100000000111000001110011111100011111110010000000111000000001100000000111111111118

01111111111000000001000000000100000000010000000001000000001000000001101111101100110011100001111111112

11111111110000000011000000110000011111110111000001000000000100000000010000000001000000000111111111113

00111111000110000011110000000110000000011000000001100000000110000000011000000011100000011011111111000

00111111000110000111010000000110000000011000000001100000000110000000011000000001110000001001111111100

11111111110000000111000001110000111110000111001110000000001100000000010000000001000000001111111111103

01111111110010000000001000000000100000000111111100000000001100000000010000000001000000000111111111115

11111111111000000001000000000100000000010000000011000001110000001100000011100000111000000011111111112

01111111110100000000010000000001000000000111110000000001110000000001100000000011000000001111111111105

11111111111000000001100000000110000000011110000011001111111001111111111100000001100000000111111111118

00011111100111000010110000001010000001100000001100000001100000001100000011100000111000000011111111112

00111111000110000111110000000110000000011000000001100000000110000000011000000001100000001101111111100

00011000000001100000000110000000011000000011100000001010000000001000000000100000000010000011111111111

01111111111000000001000000000100000000100000001100000011100000011000000110000000110000000011111111112

01111111100100000011110000000110000000011000000001100000000110000000011100000001010000001101111111100

00110000010010000001011000000111000000011111111111000000000100000000010000000001000000000100000000014

01111111110000000001000000000100000000010000000001001111111100000001100000000010000000011011111111003

00001100000001110000011101000011000100000000010000000001000000000100000000010000000001000011111111111

01100000011100000001100000000110000000011111111111000000000100000000010000000001000000000100000000014

00111111100110000010100000001000000001100000111000001110000001100000001100000000100000000011111111112

00011110000110000000110000000010000000001000000000100000000010000000001100111111011110000100111111116

00111111100110000011110000000110000000011000000001100000000110000000011000000001110000001101111111100

00011111100110000011110000000110000000011000000001100000000110000000011000000001100000001101111111100

01111111111100000001100000000111000000010111101110000011100000111011101110000011100000000111111111118

00011000000011100000011010000010001000000000100000000010000000001000000000100000000010000011111111111

11000000011000000001100000000110000000011100000001011111111100000000010000000001000000000100000000014

01111111111100000001100000000111000000110111111111000000000100000000010000000001000000000100000000019

00001111000011100000011000000001000000001100000000100000000010001111111111000001110000000101111111116

11111111110000000001000000000100000000010000000011001111111100000001100000000100000000010000000001007

11111111110000000010000000011000000001000001111111000000010000000001000000001100000000100000000110007

11111111001000000100100000010011000011000111111000000111111100100000010010000001001000000100111111118

01111111100110000011110000000110000000011000000001100000000110000000111000000110100000110001111110000

00111111110110000001010000000100110000010001110111000111110001110001101100000011100000000111111111118

11111111110000000001000000001100000000100000000110000000010000000011000000001000000000100000000110007

01000000011100000001100000000110000000011111111111000000001000000000100000000010000000001000000000104

01000000010100000001100000000110000000011111111111000000000100000000010000000001000000000100000000014

11111111111000000001100000000111000000110111100110001111110011000001101000000011100000000111111111118

00001000000001100000001111000000000100000000010000000001000000000100000000011000000000100011111111111

01000000101100000110100000010010000001001111111111000000010000000001000000000100000000010000000001004

11111111110000000001000000000100000000110000111110111111011100000000010000000001100000000111111111113

01111111111100000001100000000111111111110000000001000000000100000000010000000001000000000100000000019

01111111111100000001100000001111100111010001110001000000000100000000010000000001000000000100000000019

00011111111111000001100000000110000000011111001111000111100001110001101100000011110000000101111111118

00111111100110000001010000000111000000011000000001100000000110000000011000000001100000001101111111100

00011111000110000110010000001000000000100000000010000000011000000011001111011000101111000011100111112

00111111100110000011110000000100000000010000000011000000001001110001101101101100100011100011111111112

11000000011000000001100000000110000000011000000001111111111100000000100000000010000000001000000000104

00111111111110000001100000000111000001110011111100011111110011000001101000000011100000000111111111118

01111111111100000001110000011101111111010000000001000000000100000000010000000001000000000100000000019

01111111100000000001000000000100000011110011111111000000000100000000010000000001000000000111111111103

00001100000001110000011101000001000100000000010000000001000000000100000000010000000001000011111111111

00001110000001100000011000000011000000001000000000100000000010000111111001100001101100000111111111116

01111111110100000001000000000100000000110001111110001111001100000000010000000001000000000111111111113

00001111110001100001001100000101100000010100000001110000000110000000011000000011100000011011111111000

01111111110100000000010000000001000000001111111100000000011100000000010000000001000000000111111111115

00000011100011110110110000010000000001000000000100000000010000000001000000000100000000110000111111111

01111111101100000011100000000100000000010000000001000000000100000000111111100110100011110011111111112

00111111100110000011010000000110000000110000000110000000110000001100000011100000111000000011111111112

10000000011000000001100000000110000000011001111111111000000100000000010000000001000000000100000000014

00111111110010000001001000000100110000110001111110011110111011000000111000000001100000000111111111118

10000000011000000001100000000110000000011000000001111111111100000000100000000110000000110000001110004

00111111111110000001100000000110000001111111111101000000000100000000010000000001000000000101111111119

00011111110011000000001000000001000000000111111000000000110000000001100000000010100000001011111111105

00111111101110000011100000000100000001110000001100000011100000111000000110000000010000000001111111112

01111111001100000100100000010000000001000000011100000111000000110000000110000000010000000001111111112

11111111111000000000100000000010000000001111111000000000011000000000010000000001000000000111111111115

00111111100000000001000000000100000000110001111110001111111100000000010000000001000000000111111111113

10000001001000000100100000010010000001001111111111000000100000000010000000001000000000100000000011004

00011111110001000000001100000000100000000011111100000000011100000000010000000001000000000111111111115

11111111110000000001000000000100000000110001111110001111011100000000010000000001000000001111111111103

11111111110000000001000000001100000000100000000110000111111100000001000000001100000001100000000100007

11111111110000000011000000011000000001000001111111001000100000000110000000010000000001000000001100007

00000001100000011100001111110001100010000000001000000000100000000110000000010000000001000011111111111

01111111000100000000100000000010000000001111111100000000011100000000010000000001000000000111111111115

01111111111100000001100000011111101111010001100001000000000100000000010000000001000000000100000011119

11111111110000000111000001110000011110000011101100000000001000000000010000000001000000000111111111113

01111111001100000100100000011010000000100000000110000000110000000110000001110000111000000011111111112

11111111101000000011100000000111000000110111111110011000001111000000011000000001100000000111111111118

00001111110011000001001000000100000000010000000011000000001000000001000000001100111111100011111111112

11111111111000000000100000000010000000001111111110000000001100000000010000000001000000000111111111115

00011111110011000001001000000100100000010001110111011111110011000001101000000010100000001011111111108

00001100000001110000001101000000100100000000010000000001000000000100000000010000000001000011111111111

00000011000000011100000111100001110010000000001000000000100000000010000000001000000000100011111111111

11111111110000000001000000000100000000110111111110000000001000000000110000000011000000011011111111003

00001100000011110000011001000000000100000000010000000001000000000100000000110000000010000011111111111

00111111110010000001011000000101100000010011111111011111110011000001111000000001100000000111111111118

11111111110000000001000000000100000000010000011111001111111000000000110000000001000000000111111111113

01111111000000000110000000001000000000100000001110001111111100000000010000000001000000001111111111103

00111111111100000001100000000111111111110000000001000000000100000000010000000001000000001100000011109

11111111111000000001110000001101111111110000000001000000000100000000010000000001000000001000000000109

11111111110000000001000000001100000000100000000010000000011000000001000000000100000000110000000010007

11111111110000000001000000000100000000010000111111011100000100000000010000000001000000000100000000017

11111111110000000001000000001100000001100111111110000000001100000000010000000001000000000111111111113

00001111000001100000001100000001100000001100000000100000000010000000001001111111111100000111111111116

11111111100000000001000000000100000000010000001110011111111100000000010000000001000000000101111111113

01111111101100000010100000011011101110100011100010000000001100000000010000000001000000000100000000019

11111111100000000001000000000100000000110000011110011111001100000000010000000001000000000111111111113

01111111001100000100100000001000000000100000000010000000001000000001100111000100100110110011111111112

00111111101100000010100000011010000011111100111001011110000100000000010000000001000000000100011111119

01100000010100000001110000000110000000011111111111000000000100000000010000000001000000000100000000014

00011000000011100000111010000000001000000000100000000010000000001000000000100000000010000011111111111

00111000000010100000010010000010001100000000010000000001000000000110000000001000000000100000111111111

11111111111000000000100000000010000000001111111100000000001100000000010000000001000000000111111111105

00111111000110000100110000010010000011000000011000000011000000011000000111000000110000000011111111112

01111111111100000001110000001101111111110000000001000000000100000000010000000011000000001000000000109

00100000000010000001011000000111000000011000000001111111111100000000010000000001000000000100000000014

00001111100111000011110000000110000000011000000001100000000110000000011000000001100000000111111111110

00111111000110000100110000010000000001000000000100000000010000000001000000001000000001100011111111112

10000000011000000001100000000110000000011000000001111111111100000000010000000001000000000100000000014

11111111001000000100000000010000000011000000011000000011000000011000000110000000010000000011111111112

11111111110000000001000000000100000000110001111111000000011000000001000000000100000000010000000011007

10000000101000000010100000001011000000100111111111000000001000000000100000000010000000001000000000104

00111111111110000001100000000111100011110001111001000000000100000000010000000001000000000100000111119

00011100000011000000011000000011000000001000000000100000000010011111111011000001111000000101111111116

11111111111000000001100000000111000001100011111000111100011110000000011000000001110000000100111111118

00111111111110000001100000000111111111110000000010000000011000000001000000000100000000010000000001009

00001100000011010000111001000010000100000000010000000001000000000100000000010000000001000011111111111

11111111100000000010000000001000000001100000000100011111111100000010000000011000000001000000001100007

01000000101100000010100000001110000000011111111111000000000100000000010000000001000000000100000000014

11111111110000000001000000000100000000110000000010000000011000000001000000000100000000110000000010007

10000000101000000010100000000110000111111111110001000000000100000000010000000001000000000100000000014

00111111100010000011010000000110000000011000000001100000000110000000011000000001100000000111111111100

01111111001100000110100000001000000000100000000010000000001000000001001111101100100011100111111111112

11111111110000000001000000000100000000110011111100000000011100000000010000000001000000000111111111113

11111111110000001111000011100000111111000000000111000000000100000000010000000001000000001111111111003

00111111100110000011010000000101000000010111111011110111111010000001101000000011100000000111111111118

11111111110000000001000000001100000000100000000100000000010000000011000000011000000001000000000100007

11111111111000000001000000000100000001110011111110000000001100000000010000000001000000000111111111113

01111111110100000000010000000001111000001110111111000000000100000000010000000001000000000111111111115

01111111001100000110100000001110000000011000000001100000000110000000011000000001110000001101111111100

10000000101000000010100000001010000000101111111111000000001000000000100000000010000000000100000000114

11111111111000000000100000000010000000001111111111000000000100000000010000000001000000000111111111115

10000000111000000010100000001010000000100111111111000000001000000000100000000010000000001000000000104

10000000011000000001100000000111100000010011111111000000000100000000010000000001000000000100000000014

00000011110000111000000110000001110000001100000000100000000010000000001001111111111000000111111111116

01111111111000000000100000000010111000001110011100000000001100000000010000000001000000001111111111105

11111111110000000001000000001100000001100111111111010000110000000110000000010000000110000000110000007

00010000000011000000011100000011010000001001100000000010000000001000000000100000000010000011111111111

11111111111000000001100000000111100000110011111110001110111011100000111000000001100000000111111111118

00001111000011000000011000000001000000001100000000100001111010111100111110000001110000000101111111116

00011100000011000000011000000011000000001000000000100011111110111000011110000001110000001101111111106

01111111111100000011100000011110000111010111110001000000000100000000010000000001000000000100000000019

11111111100000000010000000001000000000100000000100001111111100000011000000001000000000100000000110007

00111111000110000110010000000111000000011000000001100000000110000000011000000001100000000101111111110

00001111100011100000011000000011000000001000000000100111111010110000111110000001111000000100111111116

01000000101100000010100000001010000000101000000010111111111100000000100000000010000000001000000000104

00011111000111000000010000000011000000001000000000100000000010011111111010000001111000000101111111116

01000000010100000001110000000110000000111000000010111111111100000001000000001100000000100000000110004

00011000000011100000011010000000001000000000100000000010000000001000000000100000000010000011111111111

11111111101000000000100000000010000000001111111110000000000100000000010000000001000000000111111111115

11111111110000000001000000000100000000010000000011000000001000000000100000000100000000010000000001007

01111111001100000110100000001000000000100000000010000000001000000000101111000110100100110011111111112

01111111101100000011100000000100000000010000000001000000001100000001101111000100100011110011111111112

11111111110000001110000011100000111111100110000011000000000100000000010000000001000000001111111111103

00100000010110000001110000000110000000011111111111000000000100000000010000000001000000000100000000014

00011111110011000001001000000100100000110011111110011111100011000011001000000110100000001011111111108

01111111101100000010100000001100000000010000000011000000011000000011000000111000011110000011111111112

00111111111110000001100000000111111111110000000001000000000100000000010000000001000000000100000000019

00111111110100000001100000000111000000110111111110111111110010000000111000000001100000000111111111118

00000111000001111100001100100000000010000000001000000001100000000100000000010000000011000011111111111

01111111110100000000010000000001111100000000011110000000001100000000010000000001000000000111111111115

11111111110000000001000000000100000000110111111110000000001100000000010000000001000000000111111111113

11111111110000000001000000000100000000010000000011000111111100000001000000001100000001100000001100007

00011110000011000000011000000011000000001000000000111111111111000000011100000001110000000101111111116

11111111001000000110100000011011100011110011111001000000000100000000010000000001000000000100000000119

11111111110000001110000011100000111111100110000011000000000100000000010000000001010000000101111111113

00011111110110000001110000000110000000111111111111000000000100000000010000000001000000011000000011009

11111111000000000111000000000100000000010000000111111111111000000000110000000001000000011111111111003

00000011000000011100000011010011110001000000000100000000010000000001000000000100000000010011111111111

00111111101110000010100000001000000000100000000100000001100000111000000110000000010000000001111111112

11111111110000000001000000001100000000100000000010000111111100000001000000001100000000100000000110007

00000111100001110000011100000011000000001000000000100000000010000111111111100001110000000101111111116

11111111110100000000110000000010000000001111111100000000011100000000010000000001000000000111111111115

11111111111000000000100000000011000000000100000000011111111000000000110000000001000000000111111111115

01111111100100000011100000000110000000011000000001100000000110000000011000000001110000000101111111110

00000111000001100000011100000011000000001000000000100000000010000000001001111111111100000111111111116

11111111111100000000010000000001111111000000000011000000000100000000010000000001000000001100001111105

01111111101100000011100000001111000011110111111001000000000100000000010000000001000000000100000000019

11111111100000000010000000001000000000100000111111000000010100000001000000000100000000110000000010007

01111111111100000001100000000110000001110111111101000000000100000000010000000011000000001000000000109

00011111110111000001010000000111000000011000000001100000000110000000011000000001100000000111111111110

01111111111100000001100000011111111111010000000001000000000100000000010000000001000000001100000011109

01111111001100000011100000000110000000111111011110001111110011000001111000000001100000000111111111118

00011110000011000000011000000011000000001000000000100011111010011000111010000001110000000101111111116

01111111101100000010100000001000000000100000000110000000010000000010000000111000011100000001111111112

11111111100000000010000000001000000001000011111111011000110000000010000000010000000001000000001100007

00111110000110001000110000100010000010000000011000000001000000011000000111000000110000000011111111112

11111111001000000110000000001000000000100000000010000000001000000001100000000100111110110111111111112

00111111100100000011110000000110000000011000000001100000000110000000011000000001110000000100111111110

01111111111100000001000000000100000001110000011100000110000001110000001100000000100000000011111111112

00111111000110000011110000000110000000011000000001100000000110000000011000000011110000001001111111000

01000000011100000001100000000110000000011000000001111111111100000000010000000001000000000100000000014

11111111111000000001100000001101110011100001111000001100110001100000110100000001010000000101111111118

11111111100000000011000000000100000000010000001111011111111000000000110000000001000000000111111111113

00111111111110000001100000000111111111110000000001000000001100000000100000000010000000010000000011009

00001111100001100000001100000001100000001100000000100000000010011111101011000001111000000101111111116

00111111000100000110100000011010000001000000001100000011000000111000000110000000110000000011111111112

01000000011100000001100000000111110000010001111111000000001000000000100000000010000000001000000000104

00111111100100000011110000000110000000011000000001100000000110000000011000000001100000001111111111100

01111111001100000110100000001000000000100000000010000000001000000001100000001100111111100011111111112

00111111110110000001010000000111000000011000000001100000000110000000111000000010110000111001111110000

10000000011000000001100000000110000000011110000001001111111100000000010000000001000000000100000000104

11111111110000000001000000000100000000010000000001011111111100000000010000000001000000000100000000017

00011111110111000001110000000110000000111111111111000000000100000000010000000001000000000100000000019

01111111111100000001100000000110000000011000000001100000000110000000011000000011100000011011111111000

11111111110000000110000011110000111111000010000110000000001000000000100000000110000000110011111110003

11111110001000001000100000100010000110000111010000000011110000011001110011000001110000000111111111118

11111111111000000000100000000010000000001111111000000000011100000000010000000001000000000111111111105

01111111001100000010100000001000000000100000000110000000010001100011001001111000100011000111111111112

00001111000001100000001100000001100000001100000000100011111110011000011011000001111000000101111111116

00010000010110000001110000000110000000011111111111000000000100000000010000000001000000000100000000014

11111111110000000001000000000100000000110000000010000000001000000000100000000010000000001000000001007

11111111000000000100000000010000000001000011111111000000010000000001000000000100000000010000000001007

00011111000011000000011000000011000000001000000000101111111011000000111000000001100000000111111111116

11111111111000000011100000011111111111010000000001000000000100000000010000000001000000000100000000019

01111111101100000011100000000110000000011111111111000111111001110000111100000001100000000111111111118

00111111110110000001010000000100000000010000000001000000001100000000101111000100100110110011111111112

00111110000110001000110000100010000110001000010000100011000000011000000111000000110000000011111111112

00111111111100000011100000011111110111010001110001000000000100000000010000000001000000000100000000019

00111111100110000011010000000111000000011000000001100000000110000000011000000011100000011011111111000

11111111110000000001000000000100000000010000000001000001111100000000110000000010000000011000000001007
